5 0.5263671875 0.76171875 0.021484375 0.05078125
5 0.498046875 0.6357421875 0.01953125 0.044921875
5 0.482421875 0.580078125 0.01953125 0.04296875
5 0.46484375 0.46875 0.01953125 0.0390625
5 0.5283203125 0.5302734375 0.029296875 0.068359375
5 0.5625 0.64453125 0.03125 0.078125
5 0.5986328125 0.724609375 0.025390625 0.0703125
5 0.62890625 0.71875 0.01171875 0.03125
5 0.60546875 0.765625 0.01171875 0.03515625
5 0.599609375 0.6328125 0.015625 0.04296875
5 0.65625 0.611328125 0.01953125 0.05859375
5 0.677734375 0.623046875 0.01171875 0.03125
5 0.662109375 0.68359375 0.01171875 0.04296875
5 0.669921875 0.560546875 0.01171875 0.0390625
5 0.623046875 0.560546875 0.01953125 0.05859375
5 0.560546875 0.5478515625 0.015625 0.037109375
5 0.4951171875 0.369140625 0.025390625 0.05078125
5 0.5576171875 0.462890625 0.021484375 0.0546875
5 0.5703125 0.3779296875 0.015625 0.041015625
5 0.5654296875 0.302734375 0.013671875 0.03515625
5 0.5390625 0.3583984375 0.0234375 0.060546875
5 0.5556640625 0.220703125 0.025390625 0.06640625
5 0.60546875 0.1640625 0.01171875 0.03125
5 0.640625 0.244140625 0.015625 0.046875
5 0.677734375 0.2841796875 0.015625 0.048828125
5 0.716796875 0.3271484375 0.015625 0.052734375
5 0.6787109375 0.37890625 0.013671875 0.04296875
5 0.6962890625 0.408203125 0.009765625 0.03125
5 0.6875 0.453125 0.0078125 0.02734375
5 0.69140625 0.5380859375 0.0078125 0.025390625
5 0.6689453125 0.498046875 0.009765625 0.02734375
5 0.66015625 0.44140625 0.015625 0.046875
5 0.646484375 0.50390625 0.01171875 0.0390625
5 0.626953125 0.4521484375 0.01953125 0.056640625
5 0.619140625 0.3701171875 0.01953125 0.052734375
5 0.623046875 0.2939453125 0.0234375 0.064453125
5 0.58984375 0.19921875 0.01953125 0.04296875
5 0.58203125 0.4736328125 0.01171875 0.033203125
5 0.6533203125 0.353515625 0.021484375 0.0625
5 0.4365234375 0.5625 0.029296875 0.05859375