5 0.23828125 0.5263671875 0.05078125 0.021484375
5 0.3662109375 0.498046875 0.044921875 0.01953125
5 0.421875 0.482421875 0.04296875 0.01953125
5 0.533203125 0.46484375 0.0390625 0.01953125
5 0.4716796875 0.5283203125 0.068359375 0.029296875
5 0.35546875 0.5625 0.078125 0.03125
5 0.275390625 0.5986328125 0.0703125 0.025390625
5 0.283203125 0.62890625 0.03125 0.01171875
5 0.234375 0.60546875 0.03515625 0.01171875
5 0.3671875 0.599609375 0.04296875 0.015625
5 0.388671875 0.65625 0.05859375 0.01953125
5 0.37890625 0.677734375 0.03125 0.01171875
5 0.318359375 0.662109375 0.04296875 0.01171875
5 0.439453125 0.669921875 0.0390625 0.01171875
5 0.44140625 0.623046875 0.05859375 0.01953125
5 0.4541015625 0.560546875 0.037109375 0.015625
5 0.6328125 0.4951171875 0.05078125 0.025390625
5 0.537109375 0.5576171875 0.0546875 0.021484375
5 0.6220703125 0.5703125 0.041015625 0.015625
5 0.697265625 0.5654296875 0.03515625 0.013671875
5 0.6416015625 0.5390625 0.060546875 0.0234375
5 0.779296875 0.5556640625 0.06640625 0.025390625
5 0.837890625 0.60546875 0.03125 0.01171875
5 0.755859375 0.640625 0.046875 0.015625
5 0.7158203125 0.677734375 0.048828125 0.015625
5 0.6728515625 0.716796875 0.052734375 0.015625
5 0.62109375 0.6787109375 0.04296875 0.013671875
5 0.59375 0.6962890625 0.03125 0.009765625
5 0.548828125 0.6875 0.02734375 0.0078125
5 0.4638671875 0.69140625 0.025390625 0.0078125
5 0.501953125 0.6689453125 0.02734375 0.009765625
5 0.560546875 0.66015625 0.046875 0.015625
5 0.498046875 0.646484375 0.0390625 0.01171875
5 0.5498046875 0.626953125 0.056640625 0.01953125
5 0.6298828125 0.619140625 0.052734375 0.01953125
5 0.7060546875 0.623046875 0.064453125 0.0234375
5 0.80078125 0.58984375 0.04296875 0.01953125
5 0.5283203125 0.58203125 0.033203125 0.01171875
5 0.646484375 0.6533203125 0.0625 0.021484375
5 0.439453125 0.4365234375 0.05859375 0.029296875