5 0.4755859375 0.23828125 0.021484375 0.05078125
5 0.50390625 0.3662109375 0.01953125 0.044921875
5 0.51953125 0.421875 0.01953125 0.04296875
5 0.537109375 0.533203125 0.01953125 0.0390625
5 0.4736328125 0.4716796875 0.029296875 0.068359375
5 0.439453125 0.35546875 0.03125 0.078125
5 0.4013671875 0.275390625 0.025390625 0.0703125
5 0.37109375 0.283203125 0.01171875 0.03125
5 0.396484375 0.234375 0.01171875 0.03515625
5 0.40234375 0.3671875 0.015625 0.04296875
5 0.345703125 0.388671875 0.01953125 0.05859375
5 0.322265625 0.37890625 0.01171875 0.03125
5 0.33984375 0.318359375 0.01171875 0.04296875
5 0.330078125 0.439453125 0.01171875 0.0390625
5 0.37890625 0.44140625 0.01953125 0.05859375
5 0.44140625 0.4541015625 0.015625 0.037109375
5 0.5048828125 0.6328125 0.025390625 0.05078125
5 0.4423828125 0.537109375 0.021484375 0.0546875
5 0.431640625 0.6220703125 0.015625 0.041015625
5 0.4345703125 0.697265625 0.013671875 0.03515625
5 0.462890625 0.6416015625 0.0234375 0.060546875
5 0.4443359375 0.779296875 0.025390625 0.06640625
5 0.39453125 0.837890625 0.01171875 0.03125
5 0.359375 0.755859375 0.015625 0.046875
5 0.322265625 0.7158203125 0.015625 0.048828125
5 0.28515625 0.6728515625 0.015625 0.052734375
5 0.3232421875 0.62109375 0.013671875 0.04296875
5 0.3056640625 0.59375 0.009765625 0.03125
5 0.314453125 0.548828125 0.0078125 0.02734375
5 0.310546875 0.4638671875 0.0078125 0.025390625
5 0.3310546875 0.501953125 0.009765625 0.02734375
5 0.33984375 0.560546875 0.015625 0.046875
5 0.35546875 0.498046875 0.01171875 0.0390625
5 0.375 0.5498046875 0.01953125 0.056640625
5 0.3828125 0.6298828125 0.01953125 0.052734375
5 0.37890625 0.7060546875 0.0234375 0.064453125
5 0.412109375 0.80078125 0.01953125 0.04296875
5 0.41796875 0.5283203125 0.01171875 0.033203125
5 0.3466796875 0.646484375 0.021484375 0.0625
5 0.5634765625 0.439453125 0.029296875 0.05859375